.Random.seed <-
c(403L, 605L, 1898992226L, 1858147168L, -410593585L, 936482551L, 
-424400317L, -226535524L, 1396406598L, -1496772319L, -1643080509L, 
-815534144L, -468775994L, -26973087L, -548289152L, -1338020317L, 
-714807478L, -477686888L, -1199953612L, -1152311829L, -793635015L, 
1000120037L, -1347478120L, -1778079991L, -1242207096L, 701193249L, 
-918737174L, -731280799L, -9977850L, -2040280849L, 170867502L, 
-206275994L, -1247814006L, 1228407267L, 1903906632L, -1942942820L, 
-1054409203L, 7591355L, 666593757L, 834126656L, -985021913L, 
-806141799L, 1405540253L, 1413432724L, -1535312291L, -934765062L, 
-629506859L, 813736848L, 557275441L, 654231330L, -2119226312L, 
-593562329L, -769900691L, -1512717110L, 1251777670L, 1194741812L, 
-1288252755L, 1756980608L, 268884237L, 1356891089L, 1756985360L, 
-1046593069L, -1950499128L, 2057262237L, -1390882117L, 1688083076L, 
137899785L, 259021792L, -1324105369L, -325322667L, 334231856L, 
1051582168L, -1117820884L, -1107496882L, 1231023686L, 784904770L, 
-1728490956L, -2082921365L, -1374099818L, 326474190L, -803010689L, 
1468342891L, -1108422938L, -1797041911L, -2006406765L, -2081963320L, 
-2004261012L, -519661939L, -1967559124L, 833804763L, -548952361L, 
-1897230606L, -1645237466L, -1307385773L, -942443246L, 597064856L, 
-1133796157L, -1093215912L, 2118172624L, 1223833978L, 1386140616L, 
1024566842L, 468677045L, 1250202358L, 302735310L, -952226350L, 
981402864L, -601030797L, -762708049L, -1215343696L, 679009329L, 
-469038225L, -396655042L, 2070072814L, 627246943L, 1869406299L, 
-1190252103L, 1925700246L, -2002092840L, 957050871L, -1137643019L, 
60598483L, -1423288310L, -129029841L, -2031834149L, -1180878253L, 
683397233L, -998145176L, 1625996554L, 413812169L, -536820276L, 
-1918490909L, -869745708L, -1601586003L, 1635745061L, -1646972640L, 
-1385569198L, 772459164L, -1453059561L, -38206068L, 1112262980L, 
633152643L, -22192898L, -1241070991L, -299203381L, -1815103671L, 
-1731624020L, -1143570617L, 51966697L, -1293829292L, 348818206L, 
1252319134L, -1830006087L, -44989196L, -1580682539L, 1143292372L, 
-2002068090L, 489245571L, -1777741867L, 690924312L, -123105113L, 
-1319471912L, 1849512319L, 115923711L, 80719877L, -1881659167L, 
254241508L, 64202269L, 1580365953L, -1741315190L, 217664441L, 
1684862005L, -1640520690L, -1110776780L, 308193395L, 433279249L, 
-1932019248L, 1406879593L, -1906951906L, 574084544L, 1310045407L, 
-976886868L, -1289980630L, -550787602L, -1638720087L, -1011467802L, 
-1108310603L, 371322133L, -653007911L, -1480961935L, -1430056886L, 
-1127340907L, -1402350070L, 1619366528L, -2130785455L, -1592347033L, 
1565617016L, 518154577L, -968523644L, 1271322780L, -115465353L, 
1803318980L, -2144887799L, 1230428551L, 733277705L, 727553775L, 
34514200L, -1966110812L, -1330189340L, -1849410407L, -510573878L, 
-1031135735L, 1343478953L, 619298950L, -579162724L, -432151983L, 
-1055247695L, -476733495L, -1338403046L, 1488858875L, -1375719672L, 
-853575003L, -134788478L, 947416468L, -1839586941L, -2143713928L, 
-2132502573L, 516317692L, -1866110045L, 1723917944L, 969152689L, 
769851523L, -1135800305L, 1108274359L, 1004892343L, -1543275203L, 
966824211L, 536742749L, 1773572779L, 625057770L, 57168401L, 1515892290L, 
-907910551L, -1392611039L, -1789174452L, 558597919L, -945680504L, 
1105362534L, 274330183L, -720828629L, 1872393010L, 1394467545L, 
-1225514625L, -722952452L, 1673677568L, 1272384927L, -735726852L, 
-274663779L, -1678392170L, -1126783357L, 387944441L, 2043205905L, 
1556925687L, -1776723957L, -1460031770L, 1055597702L, 887520607L, 
431102484L, -1522007320L, -2032466490L, 1674103251L, -1525665289L, 
-1588596555L, 1898715600L, 148772686L, -169884155L, -716818379L, 
-1633913432L, -1544997810L, 1984820719L, -84455941L, 798651333L, 
986339724L, 1227900228L, -1640080422L, 589143799L, 471087738L, 
-624286971L, -482266166L, 1994563086L, -606041888L, 405811793L, 
-114204040L, 213613576L, 592583121L, 555296838L, 1816968083L, 
636453612L, -1669628446L, 722810678L, -352329949L, 431837399L, 
-1428897980L, 1203398632L, -203637730L, -2132831952L, -495650166L, 
-1112299257L, 367140215L, -1443743990L, 160973338L, -696483205L, 
-1878898995L, 1701525744L, 1528536653L, 998275910L, -1651395918L, 
-2076727586L, -1537716784L, -385722400L, -1673951827L, -1360106877L, 
-762244214L, 11068773L, -517630350L, 194079499L, 1800239718L, 
-652931592L, -2009416046L, 280242466L, 209593257L, 1214256733L, 
472655559L, 907478597L, -962523049L, 1958997417L, -1880425182L, 
1553728281L, 1649390270L, -594871319L, -360391613L, 423547485L, 
-842458892L, 2009851701L, 869934875L, -148652815L, -957448476L, 
-1831523718L, -332973440L, 25084581L, 1110827534L, -1786896968L, 
1302692048L, -1692657088L, -185355699L, -318891878L, -1092734161L, 
-212352259L, -1734344822L, 764797738L, 1382808619L, -1844670916L, 
-791668280L, -1344030229L, -10000115L, -656191553L, -541059435L, 
-1238620104L, -2088189028L, 740614761L, -1974846324L, -324536631L, 
1387141291L, 869383604L, -171069647L, 168421265L, 1498371506L, 
1684460096L, -1047534195L, 1703453891L, -201212612L, -585484996L, 
1799137019L, 1093513208L, -686214218L, -996616804L, 2071786684L, 
785582351L, -70561998L, 349069003L, -1314118898L, -1845411921L, 
322478234L, 189584798L, -2017528945L, -1871381151L, 1831652711L, 
1451101595L, -1678355139L, -1235787273L, 863216244L, 1064308805L, 
1951636087L, -374331517L, 1297545818L, -462888837L, 681556549L, 
805659523L, 1916518408L, 390977543L, 89417638L, -98611533L, -1714270310L, 
-1748385805L, 611621642L, -1207586329L, -523225591L, 1060656754L, 
-1731747046L, 1902298367L, -1496508188L, -942013195L, -403111298L, 
1970773621L, -516798673L, -1443522265L, -629841893L, 38409659L, 
1289218980L, 1479029930L, 1613967262L, 512851769L, 262246917L, 
679876603L, -931960956L, -1142911127L, 1663455149L, -151097547L, 
272288024L, 285115059L, -548910703L, 1898206568L, 1897461729L, 
-343244260L, 1949827842L, 662844386L, 952598064L, -1806890408L, 
565135893L, -543087043L, 1937701412L, -496763614L, 1090495611L, 
1769227086L, 658247038L, -1831249273L, 1763208976L, 311584482L, 
1070190285L, -2072702197L, 1881545008L, -843099021L, 329136627L, 
-1292661043L, 294800603L, -2010569554L, 1872956929L, -1319308890L, 
1794313022L, 1098751094L, 516514387L, 503828645L, -964063157L, 
1383082539L, 328322195L, 1090764022L, -1797574816L, -287643181L, 
-1388950783L, -688211962L, -20044799L, -1411559766L, -607972244L, 
-861222721L, 1918661804L, -1548643959L, 873028737L, -951011815L, 
-754800247L, -842913161L, 1129946910L, 309723642L, 1678996884L, 
301324292L, 1659138468L, 507129716L, -1950773718L, 1701622262L, 
-1503142857L, 893006381L, -1972506580L, 426063158L, 570314091L, 
1564789345L, 314868290L, -1091478569L, -1001371192L, -1345270510L, 
-2110782689L, -721352912L, -708963794L, 1176982283L, 582876338L, 
1118546215L, 1075997102L, -1590253594L, 630406404L, -1837652263L, 
-1566890844L, 883050118L, -1283284888L, 432195883L, 556561626L, 
-596939061L, 1145138362L, 1388636222L, -1413077321L, -867668161L, 
-525396956L, -24445675L, 532795487L, 1026769686L, 1174443868L, 
893903334L, -1608726717L, -2028939995L, -1274979708L, 1739246321L, 
426426354L, 72915598L, -1823618888L, -2064917532L, 809493282L, 
-1026149933L, -94429923L, 1265874514L, 1499309816L, 1754524961L, 
2020355882L, 416636613L, 1054482464L, 1299665592L, 40951254L, 
-1978130329L, 836552387L, 1019833632L, 975929547L, 316807646L, 
-2107860483L, -926037246L, 2051810891L, 221525314L, -1775532437L, 
-176526686L, -1232873598L, -1682468768L, 1665230239L, -430912612L, 
-1354810802L, 1023128655L, 989593865L, 1488205801L, 353156718L, 
1303324966L, -1674868040L, 2081198879L, 417523781L, 2010659699L, 
207899523L, 380032351L, 885849087L, -200849825L, -631422712L, 
1080584207L, -1811028956L, -1904656854L, -1204082488L, 1521083399L, 
2068460526L, -452142303L, -1754153914L, -1149621110L, 385155942L, 
1711882740L, -1780303776L, 1836660708L, 1797401802L, 2099071454L, 
436772878L, -448688594L, -1110743020L, -1231856672L, 1572037722L, 
